1758146039773 0.6860681176185608 0
1758146040388 0.6404675245285034 1
1758146040995 0.5895543694496155 2
1758146041604 0.5335047841072083 3
1758146042210 0.4549867510795593 4
1758146042816 0.3550706207752228 5
1758146043421 0.24495136737823486 6
1758146044022 0.1458752453327179 7
1758146044619 0.0796177014708519 8
1758146045216 0.06730429083108902 9
1758146045825 0.051010314375162125 10
1758146046428 0.05768796056509018 11
1758146047026 0.04319263994693756 12
1758146047625 0.045188818126916885 13
1758146048228 0.04244919493794441 14
1758146039773 0.6860681176185608 0
