1758146039927 0.5508888959884644 0
1758146040535 0.6314444541931152 1
1758146041162 0.6825555562973022 2
1758146041760 0.7289999723434448 3
1758146042356 0.7821111083030701 4
1758146042968 0.8412222266197205 5
1758146043572 0.8971111178398132 6
1758146044173 0.9408888816833496 7
1758146044767 0.971666693687439 8
1758146045366 0.9758889079093933 9
1758146045972 0.9818888902664185 10
1758146046574 0.9826666712760925 11
1758146047175 0.9878888726234436 12
1758146047777 0.9874444603919983 13
1758146048375 0.9882222414016724 14
1758146039927 0.5508888959884644 0
